TOB1_NStrip=3	0.000207012	0.274764
TOB1_NStrip=4	0.000224375	0.246379
TOB1_NStrip=5	0.000229909	0.257061
